0 70,5 16 straight 59 70,5 12
59 66 16 straight 0 66 16
59 70,5 12 straight 64 71,5 12
59 70,5 12 straight 64 68 12
64 65 16 straight 59 66 16
64 68 12 straight 106 68 8
64 71,5 12 straight 103 71,5 8
103 65 8 straight 64 65 16
103 71,5 8 curveX 107,5 76 8
103 71,5 8 straight 118 71,5 8
106 68 8 curveX 113,5 60,5 8
107,5 22 12 straight 107,5 60,5 8
107,5 60,5 8 curveY 103 65 8
107,5 60,5 8 straight 107,5 76 8
107,5 76 8 straight 107,5 114,5 16
107,5 114,5 16 straight 108 119,5 16
108 0 16 straight 108 17 12
108 17 12 straight 107,5 22 12
108 17 12 straight 110,5 22 12
108 119,5 16 straight 108 136,5 16
110,5 22 12 straight 110,5 63,5 8
110,5 63,5 8 curveY 118 71,5 8
110,5 72,5 8 curveY 103 65 8
110,5 114,5 12 straight 110,5 72,5 8
113 17 16 straight 113 0 16
113 119,5 12 straight 113,5 114,5 12
113 119,5 12 straight 110,5 114,5 12
113 136,5 16 straight 113 119,5 12
113,5 22 16 straight 113 17 16
113,5 60,5 8 straight 113,5 22 16
113,5 76 8 curveY 118 71,5 8
113,5 76 8 straight 113,5 60,5 8
113,5 114,5 12 straight 113,5 76 8
115 68 8 curveX 107,5 76 8
118 65 8 curveX 113,5 60,5 8
118 65 8 straight 103 65 8
118 71,5 8 straight 130,5 71,5 12
130,5 65 12 straight 118 65 8
130,5 68 12 straight 115 68 8
130,5 71,5 12 straight 135,5 70,5 12
135,5 66 12 straight 130,5 68 12
135,5 66 12 straight 130,5 65 12
135,5 70,5 12 straight 147,5 70,5 12
147,5 66 12 straight 135,5 66 12
147,5 70,5 12 straight 152,5 68 12
147,5 70,5 12 straight 152,5 71,5 12
152,5 65 12 straight 147,5 66 12
152,5 68 12 straight 168,5 68 8
152,5 71,5 12 straight 165,5 71,5 8
165,5 65 8 straight 152,5 65 12
165,5 71,5 8 curveX 169,5 76 8
165,5 71,5 8 straight 180,5 71,5 8
168,5 68 8 curveX 176 60,5 8
169,5 22 12 straight 169,5 60,5 8
169,5 60,5 8 curveY 165,5 65 8
169,5 60,5 8 straight 169,5 76 8
169,5 76 8 straight 169,5 114,5 16
169,5 114,5 16 straight 170,5 119,5 16
170,5 0 16 straight 170,5 17 12
170,5 17 12 straight 169,5 22 12
170,5 17 12 straight 173 22 12
170,5 119,5 16 straight 170,5 136,5 16
173 22 12 straight 173 63,5 8
173 63,5 8 curveY 180,5 71,5 8
173 72,5 8 curveY 165,5 65 8
173 114,5 12 straight 173 72,5 8
175,5 17 16 straight 175,5 0 16
175,5 119,5 12 straight 176 114,5 12
175,5 119,5 12 straight 173 114,5 12
175,5 136,5 16 straight 175,5 119,5 12
176 22 16 straight 175,5 17 16
176 60,5 8 straight 176 22 16
176 76 8 curveY 180,5 71,5 8
176 76 8 straight 176 60,5 8
176 114,5 12 straight 176 76 8
177,5 68 8 curveX 169,5 76 8
180,5 65 8 straight 165,5 65 8
180,5 65 8 curveX 176 60,5 8
180,5 71,5 8 straight 219 71,5 16
219 65 12 straight 180,5 65 8
219 68 12 straight 177,5 68 8
219 71,5 16 straight 224 70,5 16
224 66 12 straight 219 65 12
224 66 12 straight 219 68 12
224 70,5 16 straight 283 70,5 16
283 66 16 straight 224 66 12